40
41.741111 -72.682778
47.206111 -91.358056
38.905278 -75.485556
38.261528 -85.543889
39.938889 -82.005556
40.623611 -103.210278
45.355355 -122.604175
38.635000 -90.216389
42.599167 -76.179444
35.118611 -92.9375
42.879167 -72.005
34.031944 -80.020556
43.870099 -95.600501
40.814167 -73.916389
35.826389 -79.234444
42.936667 -97.663333
40.090833 -83.128333
31.625 -92.988333
40.156944 -84.235278
39.1009 -94.5845
36.267222 -93.943056
35.296389 -84.953056
43.086555 -70.745018
31.201111 -89.221944
31.179167 -83.788333
32.494167 -93.741389
26.712222 -80.051111
36.50132 -88.90115
37.451944 -86.906389
44.659444 -111.098056
46.141469 -122.940494
36.815833 -100.521111
44.423333 -73.016944
35.225 -111.654722
33.331389 -91.2825
40.795278 -82.788333
40.651944 -81.318056
38.614722 -77.279167
42.920556 -78.868889
46.614722 -112.050278